50
50
0,0,0,0,0,0,0,1,0,1,0,0,0,0,0,1,0,0,0,1,5,0,0,1,0,0,0,0,5,4,0,1,0,0,0,1,0,0,0,0,0,1,0,0,3,1,0,0,0,0
0,1,0,0,1,1,0,1,0,1,0,1,1,1,1,1,1,1,0,1,0,1,1,1,1,1,1,1,0,1,0,0,1,1,0,0,1,0,1,1,0,1,1,0,0,1,0,1,0,1
0,0,0,0,0,0,0,0,0,0,0,0,0,0,0,0,0,0,0,0,0,0,0,0,0,1,0,1,0,1,0,0,0,0,0,0,0,0,0,0,0,0,0,0,0,0,0,0,0,0
0,1,0,1,0,1,0,1,0,1,1,1,1,0,1,1,0,1,1,1,1,1,0,1,0,0,0,1,1,0,1,0,0,1,0,0,0,1,0,1,0,1,0,0,1,1,1,1,0,1
4,0,0,0,0,0,0,1,0,0,0,1,0,0,0,0,0,0,0,1,0,1,0,0,0,4,0,0,0,0,0,0,0,0,0,1,0,0,0,1,0,1,0,0,0,0,0,0,0,0
0,1,0,1,1,1,0,0,1,1,1,1,1,1,0,1,1,0,0,1,0,1,0,1,0,1,0,0,1,0,0,0,0,1,0,1,1,1,0,1,0,1,1,0,4,0,0,1,1,1
0,1,0,1,0,0,0,1,0,0,0,0,0,0,0,0,0,0,0,0,0,0,0,1,0,1,0,1,0,0,0,0,0,1,0,0,0,0,0,1,0,0,0,1,0,0,0,0,0,0
0,1,0,1,1,1,0,1,0,1,1,1,1,1,1,1,1,1,1,1,1,0,1,1,1,1,1,1,0,1,0,1,1,0,1,1,1,1,1,0,0,1,0,1,0,0,0,1,0,1
0,0,0,1,0,0,0,1,0,0,0,1,0,1,0,0,0,0,0,0,0,0,0,1,0,0,0,0,0,0,0,1,0,0,0,0,0,0,0,0,0,0,0,1,0,1,0,0,0,0
0,1,0,1,1,1,0,1,1,0,1,0,0,0,0,1,0,1,0,1,1,1,0,1,1,1,0,1,1,1,1,1,1,1,0,1,0,0,0,1,0,0,0,1,1,1,0,0,0,1
0,1,0,1,0,1,0,1,0,0,0,0,0,0,0,1,0,1,0,1,0,0,0,0,0,0,0,1,0,0,4,0,0,0,0,0,0,1,0,1,0,0,0,0,0,0,0,0,0,0
0,1,1,1,0,1,1,1,0,1,0,1,1,1,0,1,0,0,1,1,1,1,1,1,1,0,0,1,0,1,0,1,0,1,0,1,1,1,0,1,0,1,1,1,0,1,0,1,0,1
0,1,0,0,0,0,0,0,0,1,0,1,0,0,0,0,0,0,0,0,0,0,0,0,0,0,0,1,0,1,0,0,0,1,0,0,0,0,0,0,0,1,0,0,0,0,0,1,0,0
1,1,1,1,1,1,1,1,0,1,1,1,1,1,0,0,0,1,1,1,0,1,0,1,1,1,0,1,1,1,0,1,1,1,0,0,1,1,0,0,0,1,0,1,1,1,0,1,0,1
0,0,0,1,0,0,0,0,0,0,0,1,0,0,0,1,0,0,0,1,0,0,0,1,0,0,0,0,0,0,0,1,5,0,0,0,0,1,0,1,0,1,0,1,0,0,0,0,0,0
1,1,0,1,0,0,0,1,1,1,0,1,0,1,1,1,1,1,1,1,0,0,1,1,1,1,0,1,0,0,0,1,1,1,0,1,0,1,0,1,0,1,0,0,1,1,1,0,0,1
0,1,0,0,0,1,0,0,0,1,0,0,0,0,0,0,0,0,0,0,0,4,0,1,0,0,4,1,0,1,0,1,0,0,0,1,0,0,0,1,0,1,0,0,0,0,0,0,0,5
0,1,0,1,0,1,1,1,1,1,1,1,0,1,1,1,1,1,0,1,0,1,0,1,1,1,0,0,0,1,0,1,0,1,1,1,1,0,0,1,1,1,0,1,1,1,1,4,1,1
0,0,0,0,0,0,0,0,0,5,0,0,0,0,0,1,0,0,0,1,0,1,0,1,0,0,0,0,0,0,0,1,0,1,0,0,0,0,0,0,0,1,0,0,0,0,0,0,0,0
1,0,0,1,1,0,0,1,1,1,0,1,1,1,0,1,0,1,0,0,0,0,0,1,1,1,0,1,0,1,1,1,0,1,1,1,0,0,0,1,0,1,1,1,0,1,0,1,1,1
0,0,0,0,0,0,4,0,0,0,0,1,0,0,0,1,0,1,0,1,0,1,0,0,0,0,0,1,0,1,0,0,0,0,0,0,0,0,0,1,0,1,0,0,0,1,0,0,0,0
0,1,1,0,1,1,0,1,1,1,0,1,1,0,0,0,0,1,1,1,1,1,0,1,0,1,1,1,0,1,0,1,0,1,1,0,0,1,1,1,1,4,0,1,5,1,1,1,1,1
0,1,0,0,0,0,0,0,0,0,0,1,0,0,0,1,0,1,0,0,0,1,0,0,0,0,0,0,0,0,0,1,0,0,0,1,0,1,0,0,0,0,0,1,0,0,0,0,0,0
1,1,0,1,1,1,0,1,1,1,0,1,0,1,0,1,1,1,1,1,0,1,0,1,0,1,1,0,0,0,0,1,0,0,0,0,0,1,0,1,0,1,0,0,0,1,1,1,0,1
0,0,0,1,0,1,0,0,0,1,0,1,0,1,0,0,0,1,0,0,0,0,0,0,0,0,0,1,0,1,0,0,0,0,0,1,0,1,0,1,0,0,0,1,0,0,0,0,0,0
0,1,0,1,0,1,0,0,1,1,0,1,1,1,0,1,1,0,0,1,1,1,0,1,1,1,1,1,0,1,1,1,0,1,1,1,0,0,1,0,0,1,0,1,1,0,0,1,0,1
0,1,0,1,0,1,0,1,0,1,0,1,0,0,0,0,0,1,0,0,0,0,0,1,0,0,0,0,0,1,0,0,0,1,0,0,0,1,0,0,0,1,0,0,0,1,0,1,0,0
1,1,0,1,0,0,0,1,0,1,1,1,0,1,0,1,1,1,1,1,0,1,1,1,0,1,1,1,0,1,0,0,0,1,1,1,1,1,1,1,0,0,1,1,0,1,0,1,1,1
0,0,0,0,0,0,0,0,0,1,0,0,0,4,0,0,0,1,0,1,4,4,0,0,0,1,0,4,0,1,0,1,0,0,0,1,0,0,0,0,0,0,0,0,0,1,0,0,0,0
1,1,0,1,0,1,0,1,0,1,1,1,0,1,1,0,1,1,0,5,1,1,0,1,1,1,1,1,0,1,0,1,1,1,1,1,1,0,1,1,1,1,1,1,0,1,0,1,1,1
0,0,0,0,0,1,0,0,0,0,0,1,0,0,0,1,0,0,0,0,0,0,0,0,0,0,0,1,0,1,0,0,0,0,0,0,0,1,0,0,0,0,0,0,0,1,0,0,0,0
1,1,1,1,0,0,0,1,1,1,1,1,0,0,1,0,0,1,0,0,1,0,0,1,0,1,1,1,1,1,0,1,1,0,0,0,1,1,0,1,0,1,0,1,1,0,0,1,0,1
0,0,0,0,5,0,0,1,0,0,0,0,0,0,0,0,0,0,0,1,0,0,0,1,0,0,0,0,0,0,0,1,0,0,0,1,0,0,0,0,0,0,0,0,0,0,0,0,0,0
1,1,0,1,1,1,0,1,0,1,1,1,0,1,0,1,1,0,1,1,0,1,0,1,1,1,1,1,0,0,0,1,1,1,0,0,1,1,1,1,0,1,0,1,1,1,0,1,0,1
0,0,0,0,0,1,0,0,0,0,0,1,0,1,0,1,0,0,0,0,0,1,0,1,0,0,0,0,0,0,0,0,0,1,0,0,0,0,0,1,0,1,0,1,0,0,0,1,0,0
1,1,0,0,0,1,0,0,0,1,0,0,1,1,1,1,1,1,1,1,1,1,1,1,1,1,0,1,0,1,1,1,0,0,0,1,0,1,1,1,1,1,1,1,1,1,0,0,1,1
0,0,0,1,5,1,0,0,0,0,0,0,0,1,0,0,0,4,0,0,0,0,0,0,0,0,0,0,0,0,0,1,0,1,0,1,0,1,0,0,0,1,0,0,0,0,0,0,0,0
1,1,0,1,1,1,1,0,0,1,0,1,1,1,0,1,0,1,0,1,1,1,0,1,1,1,0,1,0,1,0,1,1,1,1,1,1,1,0,1,0,1,0,1,0,1,0,1,0,1
0,0,0,0,0,0,0,1,0,0,0,1,0,0,0,0,0,1,0,0,0,1,0,1,0,0,0,1,0,1,0,0,0,0,0,0,0,1,0,0,0,0,0,0,0,1,0,0,0,0
0,1,0,1,0,1,1,1,1,1,1,1,1,1,1,1,1,1,0,0,1,1,0,0,1,1,1,1,0,1,0,0,1,0,0,1,0,1,0,1,1,1,5,1,1,1,0,0,1,1
0,1,0,1,0,5,0,0,0,0,0,4,0,0,0,0,0,0,0,1,0,0,0,1,0,0,0,0,0,0,0,0,0,0,0,0,0,1,0,1,0,0,0,0,0,1,0,0,5,0
0,1,0,1,1,1,0,1,1,1,1,1,1,1,0,1,0,1,1,1,0,1,1,0,1,1,0,1,0,1,1,1,0,1,1,1,1,1,0,1,1,1,0,1,1,1,0,1,0,1
0,1,0,1,0,1,0,0,0,0,0,1,0,0,0,1,0,1,0,0,0,0,0,0,0,0,0,1,0,1,0,0,0,0,0,0,0,1,0,0,0,0,0,1,0,0,0,1,0,0
0,1,1,1,0,1,0,1,1,1,1,1,0,0,1,1,0,0,1,1,1,1,0,1,1,1,0,1,0,0,0,0,0,1,1,1,0,1,0,1,1,0,1,0,0,1,0,1,1,1
0,0,0,0,4,0,0,0,0,0,0,1,0,1,0,0,0,1,0,0,0,0,0,1,0,0,0,1,0,1,0,1,0,0,0,1,5,1,0,0,0,0,0,0,0,1,0,0,0,0
1,1,0,1,0,0,0,1,0,1,0,1,0,1,1,0,1,0,1,1,0,1,1,1,1,1,0,1,1,1,0,1,0,1,0,1,1,1,0,1,0,1,0,1,0,1,0,1,0,0
4,0,0,1,0,0,0,1,0,1,0,1,0,1,0,0,0,0,0,0,0,0,0,1,0,0,0,0,0,0,0,1,0,4,0,0,0,0,0,1,0,0,0,0,0,1,0,1,0,0
1,1,0,1,0,1,1,1,1,1,1,1,0,1,0,1,0,0,1,1,0,1,0,1,1,1,0,1,5,1,0,1,0,1,1,1,0,1,0,1,0,1,0,1,0,1,0,1,1,0
0,0,0,1,0,0,0,1,0,0,0,0,0,1,0,1,0,1,0,0,0,1,0,1,0,0,0,1,0,1,0,1,0,1,0,0,0,1,0,1,0,1,4,0,0,0,0,0,0,0
0,0,2,1,0,1,0,1,0,1,0,0,0,1,0,0,0,1,0,1,0,1,0,1,0,1,5,1,0,1,0,1,0,1,0,0,0,1,0,1,0,1,0,1,0,1,0,1,0,1
[predefined-unknown, 40, 48,40, 48,41, 48,40, 48,40, 47,39, 47,39, 46,39, 47,38, 47,38, 46,38, 47,39, 47,39, 46,40, 46,39, 46,39, 47,40, 47,40, 46,40, 47,39, 47,39, 46,40, 46,39, 46,39, 47,38, 47,38, 46,38, 47,39, 47,39, 46,39, 47,40, 47,40, 48,41, 48,40, 48]
[predefined-unknown, 44, 36,44, 36,43, 36,42, 36,42, 35,42, 34,42, 35,42, 34,42, 33,42, 32,42, 31,43, 31,43, 32,44, 32,44, 33,44, 34,44, 33,44, 34,44, 33,44, 34,44, 33,44, 32,44, 33,44, 34,45, 34,46, 34,45, 34,46, 34,45, 34,44, 34,45, 34,46, 34,45, 34,46, 34,45, 34,46, 34,45, 34,44, 34,44, 33,44, 32,44, 33,44, 32,44, 33,44, 34,45, 34,46, 34,45, 34,46, 34,45, 34,46, 34,45, 34,44, 34,45, 34,46, 34,45, 34,46, 34,45, 34,44, 34,44, 33,44, 32,44, 33,44, 34,44, 33,44, 34,44, 33,44, 34,44, 33,44, 32,43, 32,43, 31,42, 31,42, 32,42, 33,42, 34,42, 35,42, 34,42, 35,42, 36,43, 36,44, 36]
[predefined-unknown, 36, 4,36, 4,35, 4,35, 3,35, 4,36, 4,35, 4,36, 4,35, 4,36, 4,35, 4,36, 4,35, 4,35, 3,35, 4,34, 4,35, 4,35, 3,35, 2,34, 2,34, 1,34, 0,34, 1,34, 2,34, 3,34, 4,34, 3,35, 3,34, 3,35, 3,34, 3,34, 2,33, 2,34, 2,34, 1,34, 0,34, 1,34, 0,34, 1,34, 0,34, 1,34, 0,34, 1,34, 2,33, 2,34, 2,34, 3,35, 3,34, 3,35, 3,34, 3,34, 4,34, 3,34, 2,34, 1,34, 0,34, 1,34, 2,35, 2,35, 3,35, 4,34, 4,35, 4,35, 3,35, 4,36, 4,35, 4,36, 4,35, 4,36, 4,35, 4,36, 4,35, 4,35, 3,35, 4,36, 4]
[predefined-unknown, 47, 28,47, 28,46, 28,47, 28,46, 28,46, 27,46, 28,47, 28,46, 28,47, 28,48, 28,47, 28,48, 28,49, 28,48, 28,47, 28,48, 28,49, 28,48, 28,47, 28,46, 28,46, 27,46, 28,46, 27,46, 26,46, 25,46, 26,46, 27,46, 26,46, 27,46, 28,46, 27,46, 28,47, 28,48, 28,47, 28,46, 28,46, 29,46, 28,46, 29,46, 28,47, 28,48, 28,47, 28,46, 28,46, 27,46, 28,46, 27,46, 26,46, 27,46, 26,46, 25,46, 26,46, 27,46, 28,46, 27,46, 28,47, 28,48, 28,49, 28,48, 28,47, 28,48, 28,49, 28,48, 28,47, 28,48, 28,47, 28,46, 28,47, 28,46, 28,46, 27,46, 28,47, 28,46, 28,47, 28]
[predefined-unknown, 0, 28,0, 28,1, 28,0, 28,1, 28,2, 28,1, 28,0, 28,1, 28,2, 28,1, 28,0, 28,1, 28,0, 28]
[predefined-unknown, 0, 20,0, 20,0, 21,0, 20,1, 20,2, 20,2, 19,2, 20,2, 21,2, 20,1, 20,0, 20,0, 21,0, 20,0, 21,0, 22,0, 21,0, 22,0, 21,0, 20,0, 21,0, 20,0, 21,0, 22,0, 21,0, 20,0, 21,0, 20,1, 20,0, 20,0, 21,0, 22,0, 21,0, 22,0, 21,0, 20,0, 21,0, 22,0, 21,0, 22,0, 21,0, 20,1, 20,0, 20,0, 21,0, 20,0, 21,0, 22,0, 21,0, 20,0, 21,0, 20,0, 21,0, 22,0, 21,0, 22,0, 21,0, 20,0, 21,0, 20,1, 20,2, 20,2, 21,2, 20,2, 19,2, 20,1, 20,0, 20,0, 21,0, 20]
[predefined-unknown, 21, 44,21, 44,22, 44,23, 44,24, 44,23, 44,24, 44,23, 44,24, 44,23, 44,22, 44,23, 44,23, 43,23, 42,22, 42,23, 42,23, 43,23, 44,22, 44,23, 44,24, 44,23, 44,24, 44,23, 44,24, 44,23, 44,22, 44,21, 44]
[predefined-unknown, 32, 4,32, 4,31, 4,30, 4,30, 3,30, 4,30, 3,30, 2,30, 1,30, 2,30, 1,30, 0,30, 1,30, 0,30, 1,30, 2,29, 2,30, 2,30, 1,30, 0,30, 1,30, 0,30, 1,30, 2,30, 3,30, 2,30, 3,30, 2,30, 1,30, 0,30, 1,30, 0,30, 1,30, 2,29, 2,30, 2,30, 1,30, 0,30, 1,30, 0,30, 1,30, 2,30, 1,30, 2,30, 3,30, 4,30, 3,30, 4,31, 4,32, 4]
[predefined-unknown, 16, 49,16, 49,16, 48,16, 47,16, 46,16, 47,16, 48,16, 49,16, 48,16, 47,15, 47,14, 47,14, 48,13, 48,12, 48,13, 48,12, 48,13, 48,12, 48,13, 48,14, 48,13, 48,12, 48,11, 48,10, 48,10, 47,10, 48,9, 48,10, 48,11, 48,10, 48,10, 49,10, 48,10, 49,10, 48,10, 47,9, 47,8, 47,8, 48,8, 49,8, 48,9, 48,9, 47,10, 47,9, 47,9, 48,8, 48,8, 49,8, 48,8, 47,9, 47,10, 47,10, 48,10, 49,10, 48,10, 49,10, 48,11, 48,10, 48,9, 48,10, 48,10, 47,10, 48,11, 48,12, 48,13, 48,14, 48,13, 48,12, 48,13, 48,12, 48,13, 48,12, 48,13, 48,14, 48,14, 47,15, 47,16, 47,16, 48,16, 49,16, 48,16, 47,16, 46,16, 47,16, 48,16, 49]
[predefined-unknown, 40, 5,40, 5,40, 6,40, 7,40, 6,40, 7,40, 6,41, 6,40, 6,40, 7,40, 6,40, 7,40, 6,40, 5]
[predefined-unknown, 14, 32,14, 32,14, 33,14, 32,14, 33,14, 34,14, 35,14, 34,14, 33,14, 34,13, 34,13, 35,14, 35,14, 34,13, 34,14, 34,14, 35,13, 35,13, 34,12, 34,12, 35,12, 34,13, 34,14, 34,14, 33,14, 34,14, 33,14, 32,14, 33,14, 34,14, 35,14, 34,15, 34,14, 34,14, 33,14, 32,14, 33,14, 34,13, 34,12, 34,13, 34,14, 34,14, 33,14, 32,14, 33,14, 34,15, 34,14, 34,14, 35,14, 34,14, 33,14, 32,14, 33,14, 34,14, 33,14, 34,13, 34,12, 34,12, 35,12, 34,13, 34,13, 35,14, 35,14, 34,13, 34,14, 34,14, 35,13, 35,13, 34,14, 34,14, 33,14, 34,14, 35,14, 34,14, 33,14, 32,14, 33,14, 32]
[predefined-unknown, 29, 19,29, 19,29, 18,28, 18,29, 18,30, 18,30, 19,31, 19,31, 18,31, 19,30, 19,30, 20,30, 19,29, 19,29, 18,30, 18,31, 18,30, 18,30, 17,30, 16,31, 16,31, 15,31, 16,31, 15,32, 15,32, 16,31, 16,31, 15,32, 15,32, 14,33, 14,34, 14,33, 14,34, 14,33, 14,32, 14,33, 14,32, 14,32, 15,32, 14,33, 14,32, 14,33, 14,34, 14,33, 14,34, 14,33, 14,32, 14,32, 15,31, 15,31, 16,32, 16,32, 15,31, 15,31, 16,31, 15,31, 16,30, 16,30, 17,30, 18,31, 18,30, 18,29, 18,29, 19,30, 19,30, 20,30, 19,31, 19,31, 18,31, 19,30, 19,30, 18,29, 18,28, 18,29, 18,29, 19]
[predefined-unknown, 39, 42,39, 42,38, 42,39, 42,38, 42,37, 42,36, 42,36, 43,36, 42,36, 43,36, 42,37, 42,38, 42,38, 41,38, 40,38, 39,38, 40,37, 40,38, 40,38, 39,38, 38,37, 38,36, 38,36, 39,36, 38,36, 39,36, 40,36, 39,36, 38,37, 38,38, 38,39, 38,40, 38,41, 38,42, 38,42, 39,42, 38,42, 39,42, 40,42, 39,42, 40,42, 39,42, 38,42, 39,42, 38,41, 38,40, 38,39, 38,38, 38,37, 38,36, 38,36, 39,36, 40,36, 39,36, 38,36, 39,36, 38,37, 38,38, 38,38, 39,38, 40,37, 40,38, 40,38, 39,38, 40,38, 41,38, 42,37, 42,36, 42,36, 43,36, 42,36, 43,36, 42,37, 42,38, 42,39, 42,38, 42,39, 42]
[predefined-unknown, 49, 26,49, 26,48, 26,49, 26,48, 26,47, 26,48, 26,48, 25,48, 26,47, 26,48, 26,48, 25,48, 26,48, 25,48, 24,48, 25,48, 26,48, 25,48, 26,48, 25,48, 24,49, 24,48, 24,49, 24,48, 24,49, 24,48, 24,48, 25,48, 26,49, 26,48, 26,48, 25,48, 26,49, 26,48, 26,47, 26,46, 26,46, 25,46, 24,46, 25,46, 26,47, 26,48, 26,49, 26,48, 26,48, 25,48, 26,49, 26,48, 26,48, 25,48, 26,49, 26,48, 26,47, 26,46, 26,46, 25,46, 24,46, 25,46, 26,47, 26,48, 26,49, 26,48, 26,48, 25,48, 26,49, 26,48, 26,48, 25,48, 24,49, 24,48, 24,49, 24,48, 24,49, 24,48, 24,48, 25,48, 26,48, 25,48, 26,48, 25,48, 24,48, 25,48, 26,48, 25,48, 26,47, 26,48, 26,48, 25,48, 26,47, 26,48, 26,49, 26,48, 26,49, 26]
[predefined-unknown, 18, 9,18, 9,18, 10,18, 9,18, 8,18, 7,18, 6,19, 6,19, 5,20, 5,19, 5,19, 6,18, 6,18, 5,18, 4,18, 3,18, 4,18, 3,18, 2,19, 2,18, 2,18, 3,18, 4,18, 3,18, 4,18, 5,18, 6,19, 6,19, 5,20, 5,19, 5,19, 6,18, 6,18, 7,18, 8,18, 9,18, 10,18, 9]
================
