50
50
0,1,0,0,0,0,0,1,0,1,0,0,0,0,0,0,0,1,0,1,0,1,0,0,0,0,0,0,0,0,0,0,3,1,0,1,0,1,0,0,0,0,0,0,0,1,0,0,0,0
0,1,1,1,1,1,0,1,0,1,1,1,1,1,0,1,0,1,0,1,0,1,0,1,0,1,1,1,0,1,1,1,0,1,0,1,0,1,0,1,1,1,1,1,1,1,0,1,1,1
5,1,0,1,0,0,0,0,0,1,0,1,0,0,0,4,0,0,0,0,0,0,0,0,0,1,0,0,0,1,0,0,0,0,0,0,0,0,0,0,0,0,0,1,0,0,0,0,0,0
0,1,0,1,1,1,1,1,0,1,0,1,0,1,1,1,1,1,1,1,0,1,0,1,0,1,1,1,0,1,4,1,0,0,1,1,0,1,0,1,1,1,0,1,0,0,1,1,1,1
0,0,0,0,0,1,0,0,0,0,0,0,0,1,0,0,0,1,0,0,0,1,0,0,0,0,0,0,0,1,0,1,0,0,0,1,0,1,0,0,0,1,0,0,0,0,0,0,0,4
0,1,0,1,1,1,1,1,1,1,1,1,1,1,1,1,0,1,0,1,1,1,0,1,1,1,1,0,1,1,0,1,0,1,1,1,1,1,0,0,0,1,0,1,0,1,0,0,0,1
0,0,0,0,0,5,0,0,0,0,0,0,0,0,0,0,0,1,0,0,0,1,4,0,0,1,0,1,0,0,0,1,0,0,0,0,0,1,0,0,0,0,0,1,0,0,0,1,0,0
0,1,0,1,0,1,1,1,1,1,0,1,0,1,0,1,1,1,1,1,0,1,1,1,0,1,4,1,1,1,1,1,0,1,0,0,0,1,0,1,1,0,1,1,1,1,0,0,1,1
0,0,0,1,0,0,0,0,0,0,0,0,0,0,0,0,0,1,0,1,0,1,0,1,0,0,0,0,0,0,0,0,0,1,0,1,0,1,0,0,0,0,0,0,0,1,0,0,0,0
1,1,1,1,1,1,0,1,0,1,0,1,0,1,0,1,0,1,0,1,0,1,0,1,0,1,0,1,0,0,1,1,0,1,0,1,0,1,0,1,0,1,0,1,1,0,0,1,1,1
0,5,0,0,0,0,0,0,0,1,0,1,0,0,0,0,0,0,0,0,0,0,0,0,0,1,0,0,4,0,0,0,0,0,0,1,0,0,0,1,0,0,0,0,0,1,0,0,0,0
1,1,0,0,0,1,0,1,1,1,0,1,1,1,1,1,1,0,0,1,1,1,0,1,1,1,1,1,1,1,1,1,0,1,0,1,1,1,0,1,0,1,1,1,0,1,1,1,1,1
0,0,0,1,0,1,0,1,0,0,0,1,0,0,0,0,0,0,0,0,0,0,0,0,0,0,0,1,0,0,0,0,0,0,0,1,0,0,0,0,0,1,0,0,0,0,0,0,0,4
1,1,0,0,1,1,0,1,1,0,0,1,1,4,1,1,0,1,0,1,1,1,0,1,0,1,0,1,0,1,1,1,0,1,1,1,1,1,0,1,1,1,0,0,0,1,0,1,0,1
0,0,0,1,5,0,0,1,0,0,0,0,0,1,0,0,0,1,0,1,0,0,0,0,0,1,0,5,0,0,0,0,0,0,0,0,0,1,0,1,0,0,4,1,0,1,0,0,0,0
1,1,0,1,0,1,1,1,1,1,1,1,1,1,1,1,0,1,0,1,1,1,1,1,1,1,0,1,0,1,1,1,0,1,1,1,1,1,1,1,1,1,0,1,0,1,1,1,1,1
0,0,0,1,0,0,0,0,0,1,0,1,0,1,0,0,0,1,0,0,0,0,0,0,0,0,0,0,0,1,0,0,0,0,0,0,0,0,0,1,0,0,0,0,0,0,0,0,0,0
1,1,0,1,0,0,0,1,0,1,0,0,0,0,1,1,0,1,0,1,1,1,1,1,1,1,1,1,0,1,0,1,1,1,0,0,1,1,0,1,0,0,1,1,1,0,0,1,0,1
0,0,0,1,0,1,0,0,0,0,0,0,0,0,0,1,0,4,0,0,0,0,0,0,0,0,0,0,0,0,0,0,0,0,0,0,0,1,0,0,0,0,0,0,0,0,0,0,0,0
0,0,1,1,0,0,1,1,1,1,0,1,1,1,0,1,1,1,1,0,1,1,0,1,0,1,1,1,1,1,1,1,0,1,0,1,1,1,0,1,1,1,1,1,1,0,0,1,0,1
0,0,0,1,0,1,4,1,0,0,0,1,0,0,0,0,0,0,0,0,0,0,0,0,0,1,0,1,0,0,0,0,0,1,0,0,0,0,0,0,0,0,0,1,0,0,0,1,0,0
1,1,1,1,0,0,0,1,0,0,1,1,0,1,1,0,0,1,0,1,0,1,0,1,0,1,0,1,0,1,1,1,0,1,0,1,0,1,1,1,0,1,1,1,0,1,1,1,0,1
0,1,0,0,0,1,0,0,0,0,0,0,0,1,0,0,0,1,0,0,0,1,0,1,0,0,0,0,0,0,0,0,0,1,0,1,0,0,0,1,0,0,0,1,0,0,0,0,0,0
0,0,1,1,1,0,0,1,0,1,0,0,1,0,1,1,1,0,0,1,0,1,1,1,1,1,0,1,0,1,1,1,0,1,0,1,0,1,0,0,0,1,1,1,0,0,0,1,0,0
0,1,0,1,0,0,4,1,0,1,0,1,0,0,0,0,0,0,0,1,0,0,0,1,0,1,0,1,0,1,0,0,0,0,0,1,0,0,0,0,0,0,0,1,0,0,0,1,0,0
0,1,0,1,1,1,1,1,0,1,0,1,1,0,0,1,5,1,1,1,0,1,0,1,0,1,5,1,1,0,1,1,0,1,1,1,1,1,0,1,0,0,0,0,5,1,1,1,0,1
0,0,0,0,0,0,0,0,0,5,0,0,0,1,0,1,5,1,0,0,0,1,0,0,0,0,0,0,0,0,0,0,0,1,0,0,0,0,0,1,0,1,0,0,0,1,0,1,0,0
0,1,0,0,1,1,0,1,0,1,0,1,1,0,0,1,0,1,0,1,0,1,0,1,0,1,1,1,0,1,0,1,0,1,0,1,0,0,1,1,1,1,0,1,0,1,0,1,1,1
0,0,0,1,0,0,0,1,0,0,0,0,0,0,0,1,0,1,0,1,0,1,0,1,0,1,0,0,0,1,0,1,0,1,0,1,0,0,0,0,0,1,0,0,0,0,0,0,0,0
1,0,0,1,0,1,1,1,0,1,0,1,0,1,1,1,0,1,1,1,0,1,0,0,1,1,0,1,0,1,1,1,1,1,0,1,0,1,1,1,1,1,0,1,0,1,0,0,0,1
0,0,0,0,0,1,0,0,0,1,0,1,0,1,0,0,0,0,0,1,0,1,0,0,0,1,0,1,0,1,0,1,0,0,0,1,0,4,0,1,0,0,0,0,0,0,0,1,0,0
0,1,0,0,1,1,1,1,0,1,1,0,0,1,1,1,0,1,1,1,1,1,0,1,1,1,1,1,0,1,0,1,0,0,0,1,0,1,0,1,1,1,0,1,1,1,0,1,1,0
0,1,0,0,0,0,0,0,0,1,0,1,0,0,0,1,0,0,0,0,0,1,0,0,0,1,0,1,5,0,0,1,0,1,0,1,0,5,0,1,0,1,0,0,0,0,0,0,0,0
1,1,0,1,1,1,5,1,0,1,0,1,1,1,1,1,1,0,1,1,1,1,0,0,0,1,0,1,1,0,0,1,1,1,0,1,0,1,1,1,0,1,0,1,0,1,0,1,1,1
0,0,0,1,0,0,0,1,0,1,0,5,0,0,0,0,4,0,0,0,0,1,0,0,0,0,0,0,0,0,0,0,0,0,0,1,0,1,0,0,0,5,0,0,0,0,0,0,0,0
0,0,0,1,0,1,0,0,0,1,0,1,0,0,1,1,0,0,1,1,0,1,0,1,1,1,0,1,1,1,1,1,0,1,0,1,0,1,1,0,0,1,0,1,0,1,0,1,0,1
0,0,0,1,0,1,0,1,0,0,0,1,0,1,0,0,0,0,0,1,0,0,0,0,0,1,0,1,0,1,4,0,0,1,0,1,0,0,0,0,0,1,0,0,0,1,0,1,0,0
0,0,1,1,0,1,0,1,1,1,1,1,0,0,0,1,1,1,1,1,0,1,1,1,1,1,0,1,0,1,0,0,0,1,0,1,0,1,1,1,0,1,0,1,1,1,5,0,0,0
0,1,0,0,0,1,0,1,0,1,0,1,0,0,0,0,0,0,0,1,0,0,0,0,0,0,0,0,0,1,0,1,0,1,0,0,0,0,0,1,0,0,0,0,0,0,0,1,0,0
0,0,0,4,0,1,1,0,0,0,0,1,0,1,1,1,0,1,0,0,0,1,1,1,1,1,1,1,0,1,0,1,0,1,0,1,0,1,0,1,0,1,1,1,0,1,0,1,0,0
0,1,0,0,0,1,0,0,0,0,0,0,0,0,0,1,0,0,0,0,0,0,0,0,4,1,0,0,0,0,4,1,0,1,0,0,0,0,0,0,0,5,0,0,0,0,0,1,0,0
5,1,0,1,0,1,0,1,0,0,0,1,1,1,1,1,1,1,1,1,0,1,1,1,1,0,0,1,1,1,0,1,0,1,0,1,1,0,0,1,0,1,0,1,0,1,1,1,0,5
0,1,0,0,0,1,0,0,0,1,0,0,0,1,0,0,0,0,0,0,0,1,0,0,0,1,0,1,0,0,0,0,0,0,0,0,0,1,0,1,0,1,0,1,0,0,0,1,0,0
0,0,1,1,1,1,0,0,0,0,1,1,0,1,5,0,1,1,0,1,0,1,0,1,1,1,1,1,0,1,0,1,0,0,0,1,0,1,1,1,0,1,1,1,0,1,0,1,0,1
0,0,0,0,0,0,0,1,0,0,0,1,0,1,0,1,0,0,0,1,0,0,0,0,0,0,0,1,0,1,0,1,0,0,0,1,0,0,0,1,0,1,0,1,0,1,0,0,0,0
0,1,0,1,0,1,0,1,0,1,0,1,0,0,0,1,0,1,0,1,1,1,0,0,0,1,0,0,0,0,0,1,0,1,0,1,1,1,1,1,1,1,0,1,0,1,0,1,0,0
0,0,0,1,0,1,0,4,0,1,0,0,4,0,0,0,0,1,0,1,0,0,0,1,0,1,0,1,0,1,0,0,0,0,0,0,0,0,0,1,0,0,0,0,0,1,0,0,0,0
1,1,1,1,1,1,0,1,0,1,1,1,1,1,1,1,0,1,0,1,0,1,0,1,1,0,0,1,1,1,1,0,0,1,0,1,0,0,1,0,1,0,1,1,0,1,1,1,0,1
0,0,0,0,0,0,0,1,0,0,0,0,0,0,0,0,0,0,0,1,0,0,0,0,0,1,0,0,0,0,0,0,0,0,0,1,0,0,0,0,0,0,0,0,0,0,0,1,0,0
0,1,0,1,0,1,0,1,0,1,0,0,0,1,0,1,0,1,0,2,0,1,0,1,0,1,0,1,0,1,0,1,0,1,0,1,0,1,0,1,0,1,0,1,0,1,0,1,0,1
[random, 6, 5]
[random, 2, 0]
[random, 32, 37]
[random, 26, 9]
[random, 34, 41]
[predefined-known, 41, 0,41, 0,40, 0,39, 0,40, 0,39, 0,38, 0,39, 0,40, 0,39, 0,38, 0,37, 0,38, 0,39, 0,40, 0,41, 0,40, 0,39, 0,38, 0,37, 0,38, 0,39, 0,40, 0,39, 0,38, 0,39, 0,40, 0,39, 0,40, 0,41, 0]
[predefined-known, 40, 41,40, 41,40, 42,40, 43,40, 42,41, 42,40, 42,40, 41,40, 42,41, 42,40, 42,41, 42,42, 42,41, 42,40, 42,41, 42,40, 42,40, 41,40, 42,41, 42,40, 42,40, 43,40, 42,40, 41]
[predefined-known, 25, 44,25, 44,25, 43,26, 43,25, 43,25, 44,24, 44,24, 45,24, 46,23, 46,22, 46,22, 47,22, 46,23, 46,24, 46,23, 46,24, 46,23, 46,24, 46,24, 45,24, 44,23, 44,24, 44,24, 45,24, 46,24, 45,24, 46,23, 46,22, 46,22, 47,22, 46,23, 46,23, 45,23, 46,22, 46,22, 47,22, 46,23, 46,24, 46,24, 45,24, 46,24, 45,24, 44,23, 44,24, 44,24, 45,24, 46,23, 46,24, 46,23, 46,24, 46,23, 46,22, 46,22, 47,22, 46,23, 46,24, 46,24, 45,24, 44,25, 44,25, 43,26, 43,25, 43,25, 44]
[predefined-known, 41, 49,41, 49,40, 49,40, 48,41, 48,42, 48,43, 48,42, 48,43, 48,44, 48,43, 48,42, 48,43, 48,44, 48,44, 47,44, 48,45, 48,46, 48,46, 47,46, 46,45, 46,44, 46,45, 46,44, 46,45, 46,46, 46,46, 47,46, 48,46, 47,46, 48,46, 47,46, 46,45, 46,46, 46,46, 47,46, 48,46, 49,46, 48,47, 48,48, 48,49, 48,48, 48,47, 48,46, 48,47, 48,48, 48,49, 48,48, 48,47, 48,46, 48,46, 49,46, 48,46, 47,46, 46,45, 46,46, 46,46, 47,46, 48,46, 47,46, 48,46, 47,46, 46,45, 46,44, 46,45, 46,44, 46,45, 46,46, 46,46, 47,46, 48,45, 48,44, 48,44, 47,44, 48,43, 48,42, 48,43, 48,44, 48,43, 48,42, 48,43, 48,42, 48,41, 48,40, 48,40, 49,41, 49]
[predefined-known, 33, 6,33, 6,34, 6,35, 6,35, 7,35, 6,34, 6,34, 5,34, 6,33, 6,34, 6,34, 5,34, 6,35, 6,36, 6,37, 6,38, 6,37, 6,38, 6,37, 6,38, 6,37, 6,36, 6,35, 6,34, 6,34, 5,34, 6,33, 6,34, 6,34, 5,34, 6,35, 6,35, 7,35, 6,34, 6,33, 6]
[predefined-unknown, 34, 11,34, 11,34, 10,35, 10,36, 10,36, 9,36, 8,36, 9,36, 8,35, 8,35, 7,35, 6,34, 6,34, 5,34, 6,34, 5,34, 6,34, 5,34, 4,34, 5,34, 6,34, 5,34, 6,34, 5,34, 6,35, 6,35, 7,35, 8,36, 8,36, 9,36, 8,36, 9,36, 10,35, 10,34, 10,34, 11]
[predefined-unknown, 14, 4,14, 4,14, 5,14, 4,15, 4,14, 4,15, 4,16, 4,16, 5,17, 5,16, 5,17, 5,17, 6,17, 5,16, 5,17, 5,16, 5,16, 4,15, 4,14, 4,15, 4,14, 4,14, 5,14, 4]
[predefined-unknown, 26, 16,26, 16,27, 16,28, 16,27, 16,28, 16,29, 16,30, 16,29, 16,30, 16,29, 16,30, 16,30, 15,30, 14,30, 15,30, 16,30, 15,30, 16,31, 16,32, 16,31, 16,32, 16,31, 16,30, 16,30, 15,30, 16,30, 15,30, 14,30, 15,30, 16,29, 16,30, 16,29, 16,30, 16,29, 16,28, 16,27, 16,28, 16,27, 16,26, 16]
[predefined-unknown, 10, 1,10, 1,10, 2,10, 1,10, 2,10, 1,10, 0,10, 1,10, 0,10, 1,10, 0,10, 1,10, 0,10, 1,10, 0,10, 1,10, 2,10, 1,10, 2,10, 1]
[predefined-unknown, 25, 26,25, 26,26, 26,26, 27,26, 28,26, 29,26, 28,27, 28,28, 28,28, 27,28, 26,29, 26,30, 26,29, 26,28, 26,28, 27,28, 28,28, 27,28, 26,29, 26,30, 26,29, 26,28, 26,28, 27,28, 28,27, 28,26, 28,26, 29,26, 28,26, 27,26, 26,25, 26]
[aggressive, 43, 14]
[aggressive, 14, 27]
[aggressive, 32, 28]
[aggressive, 37, 46]
[aggressive, 25, 16]
================
