50
50
0,0,0,0,1,0,0,3,0,0,1,0,1,0,1,0,0,0,1,0,0,0,1,0,0,0,1,0,0,0,0,0,1,0,1,0,4,0,0,0,1,0,0,0,0,0,0,0,0,0
1,0,1,0,1,1,1,0,1,0,1,0,1,0,1,0,1,1,1,0,0,1,1,0,1,1,1,0,0,0,1,1,1,0,1,0,1,1,1,0,0,0,1,4,1,5,1,1,1,0
0,0,1,0,0,0,0,5,0,0,0,0,0,0,0,0,1,0,0,0,0,0,0,0,0,0,1,0,1,0,0,0,0,0,0,0,0,0,1,0,0,0,0,0,0,0,0,0,1,0
1,0,1,1,0,0,1,0,1,1,1,0,1,1,0,0,1,0,1,1,0,1,1,1,1,1,1,5,1,0,1,1,1,1,1,1,0,1,1,0,1,0,1,0,1,0,1,1,1,0
0,0,1,0,0,0,1,0,0,0,1,0,0,0,0,0,0,0,1,0,0,0,1,0,0,5,1,0,0,0,1,0,0,0,0,0,0,0,1,0,0,0,0,0,1,0,0,0,1,0
1,1,1,0,1,0,1,0,1,1,1,0,1,1,0,1,1,1,1,0,0,1,1,0,1,1,1,0,1,1,1,0,1,0,1,0,1,1,1,1,1,0,1,1,1,1,1,1,1,0
0,0,0,0,1,0,0,0,0,0,1,0,0,0,0,0,0,0,0,0,0,0,0,0,0,0,0,0,0,0,0,0,0,0,0,0,0,0,0,0,0,0,1,0,1,0,0,0,1,0
1,5,1,0,1,0,1,0,1,0,1,1,1,0,1,1,1,1,1,1,1,1,1,1,1,1,0,0,1,1,1,1,0,1,1,0,0,0,0,0,1,1,4,0,1,0,1,1,1,1
0,0,1,0,1,0,5,0,1,0,0,0,1,0,0,0,0,0,0,0,0,0,0,0,0,0,0,0,0,0,0,0,1,0,1,4,1,0,1,0,0,0,0,0,0,0,0,0,0,0
0,1,0,1,1,1,1,1,0,0,1,0,1,1,1,1,1,0,1,0,0,0,1,0,1,1,1,0,1,0,0,0,1,0,1,0,1,1,1,0,1,0,1,0,1,4,1,0,1,0
0,0,0,0,0,0,0,0,0,0,1,0,0,0,0,0,0,0,1,0,1,0,1,0,0,0,0,0,0,0,0,0,0,4,0,0,0,0,0,0,1,0,0,0,0,0,1,0,0,0
1,0,0,1,0,0,0,0,1,4,1,0,1,1,1,1,0,1,0,1,0,1,1,1,0,0,0,0,1,1,0,0,1,1,1,1,1,0,1,0,0,1,1,0,1,0,1,0,1,0
0,0,1,0,0,0,1,0,0,0,0,0,0,0,0,0,0,0,0,0,0,0,1,0,0,0,1,0,0,0,0,0,0,0,0,0,0,0,1,0,0,0,1,0,1,0,0,0,1,0
1,0,1,0,1,1,1,1,1,1,1,0,1,0,1,1,1,0,1,1,1,1,1,1,1,0,1,1,1,4,1,0,1,0,1,1,1,1,0,1,0,1,1,0,1,1,0,0,1,0
0,0,1,0,1,0,0,0,0,0,0,0,1,0,0,0,1,0,1,0,0,0,0,0,1,0,0,0,1,0,0,0,0,0,0,0,0,0,0,0,1,0,1,0,0,0,0,0,1,0
1,0,1,1,1,0,1,0,0,0,1,0,0,1,1,1,1,1,1,0,1,4,0,0,1,1,1,1,1,1,1,0,1,1,1,1,1,1,1,1,1,0,1,0,1,1,1,1,0,0
0,0,1,0,1,0,1,0,1,0,1,5,0,0,0,0,0,0,0,0,1,0,0,0,1,0,1,0,0,0,1,0,0,0,0,0,0,0,0,0,0,0,1,0,0,0,0,0,0,0
1,1,0,0,1,0,1,1,1,1,1,0,0,0,1,1,1,0,1,0,1,1,1,1,1,0,1,1,0,0,1,1,1,0,0,1,1,0,1,0,1,1,1,0,1,1,1,1,0,0
0,0,0,0,0,0,1,0,0,0,0,4,1,0,1,0,0,0,1,0,0,0,0,0,0,0,0,0,0,0,1,0,0,0,0,0,0,0,0,0,0,0,0,0,1,0,0,0,1,0
1,0,1,0,1,0,0,1,1,1,1,0,0,1,1,1,1,0,1,0,1,0,1,1,1,1,1,1,1,0,1,0,1,1,1,1,1,0,1,1,1,0,1,0,1,0,0,0,1,0
0,0,1,0,1,0,0,0,0,0,1,0,0,0,1,0,0,0,1,0,0,0,0,0,0,0,0,0,0,0,0,0,0,0,0,0,1,0,0,0,0,0,1,0,1,0,0,0,1,0
1,1,1,0,1,0,1,0,1,1,1,0,1,0,1,1,1,0,1,0,1,0,1,0,0,1,1,0,1,1,1,0,1,0,0,0,1,0,1,0,1,0,1,1,0,0,1,1,1,0
0,0,0,0,1,0,1,0,0,0,1,0,0,0,0,0,1,0,0,0,1,0,1,0,1,0,1,0,0,0,0,0,1,0,1,0,1,0,1,0,0,0,0,0,0,0,0,0,1,0
1,0,1,1,1,0,1,1,1,0,1,1,1,1,1,0,1,1,1,0,1,0,0,0,0,0,1,1,1,1,1,1,1,0,1,0,0,1,1,1,1,1,1,0,1,0,1,0,1,0
0,0,1,0,0,0,0,0,0,0,0,0,0,0,1,0,0,0,0,0,1,0,1,0,0,0,0,0,1,0,0,0,1,0,0,0,0,5,0,0,0,0,0,0,0,0,0,0,0,0
1,1,1,1,1,4,1,0,0,0,0,0,1,0,0,0,0,0,1,0,0,1,1,0,1,1,0,0,1,0,1,1,1,1,1,1,1,1,1,1,1,0,1,0,1,0,1,1,1,0
0,0,0,0,0,0,1,0,1,0,1,0,1,0,0,0,1,0,0,0,0,0,1,0,0,0,1,0,0,0,0,0,1,0,0,0,1,0,0,0,1,0,1,0,0,0,0,0,1,0
1,0,1,1,1,0,1,1,1,0,1,0,1,0,0,1,0,1,0,0,1,0,1,0,0,1,1,0,1,1,0,1,1,1,1,0,1,0,1,1,1,0,1,1,1,0,1,1,1,5
0,0,1,0,0,0,0,0,0,0,1,0,1,0,0,0,0,5,0,0,0,0,1,0,1,0,0,0,0,0,0,0,1,0,0,0,1,0,1,0,1,0,5,0,1,0,0,0,1,0
1,1,1,1,0,0,1,0,0,0,1,1,1,0,1,1,0,0,1,0,1,0,1,1,0,0,0,1,1,0,1,1,1,0,1,1,1,0,1,0,1,0,1,1,1,1,1,1,1,1
0,0,1,0,0,0,1,0,0,0,0,0,1,0,0,0,1,0,1,0,1,0,0,0,0,0,0,0,1,0,0,0,0,0,0,0,0,0,0,0,0,0,1,0,0,0,1,0,0,0
1,0,1,1,1,0,1,1,1,0,1,1,1,0,1,1,1,0,1,1,1,0,0,0,1,0,1,0,1,0,0,0,1,1,0,0,1,1,1,0,1,0,1,0,1,1,0,0,1,0
0,0,0,0,0,0,0,0,1,0,0,0,1,0,1,0,0,0,0,0,1,0,1,0,0,0,1,0,0,0,1,0,1,0,0,0,1,0,0,0,0,0,0,0,0,0,0,0,0,0
0,1,1,4,1,0,0,0,0,0,1,1,1,0,1,0,1,1,1,0,1,0,1,1,0,1,1,1,1,0,1,1,1,0,0,0,1,1,1,0,1,5,1,1,1,1,0,1,0,0
0,0,0,0,1,0,1,0,1,0,0,0,1,0,1,0,1,0,0,0,1,0,1,0,1,0,0,0,0,0,0,0,1,0,0,0,0,0,0,0,0,0,0,0,0,0,0,0,1,0
1,1,1,0,1,0,1,0,1,1,1,0,1,1,1,1,1,1,1,0,1,1,1,0,1,1,1,1,1,0,1,5,0,0,0,0,1,1,1,1,0,1,0,1,1,0,1,1,1,1
0,0,0,0,1,0,1,0,0,0,1,0,1,0,0,0,0,0,0,0,0,0,0,0,1,0,1,0,0,0,1,0,1,0,1,0,0,0,1,0,0,0,0,0,1,0,0,0,0,0
1,1,1,0,1,1,1,0,1,0,0,1,1,0,1,1,1,0,1,0,1,1,0,0,1,0,1,0,1,1,0,0,1,1,1,1,1,1,1,0,1,1,1,1,1,1,1,5,1,0
0,0,0,0,0,0,1,0,1,0,1,0,1,0,0,0,1,0,0,0,0,0,1,0,1,0,0,0,0,0,1,0,0,0,0,0,0,0,0,0,0,0,0,0,0,0,1,0,0,0
1,1,0,0,0,4,1,0,1,1,1,0,1,0,1,0,1,0,1,0,1,0,1,0,1,0,1,1,1,4,1,0,0,0,1,1,1,1,0,0,1,1,0,0,1,1,1,0,1,0
0,0,0,0,1,0,1,0,1,0,0,0,0,0,1,0,1,0,0,0,1,0,1,0,1,0,0,0,1,0,1,0,1,0,0,0,1,0,0,0,0,0,0,0,1,0,1,0,1,0
1,1,1,4,1,1,0,0,1,0,1,0,1,0,1,0,1,1,1,0,1,1,1,1,1,0,1,0,1,0,1,0,1,0,0,1,1,0,1,1,4,0,1,0,1,0,1,1,1,1
0,0,0,0,0,0,1,0,0,0,1,0,0,0,1,0,1,0,1,0,0,0,1,0,0,4,1,0,0,0,0,0,4,0,0,0,1,0,1,0,0,0,0,0,0,0,1,0,0,0
1,0,1,0,0,0,0,0,0,1,1,0,1,1,1,1,0,0,1,0,1,0,0,0,1,0,0,0,1,0,1,1,0,0,1,0,1,0,1,1,1,1,1,1,1,0,0,0,1,0
0,0,1,0,0,0,0,0,0,0,1,0,0,0,0,0,0,0,1,0,1,0,0,0,1,0,0,0,1,0,1,0,1,0,1,0,1,0,1,0,1,0,0,0,0,0,0,0,0,0
1,1,1,1,1,0,0,1,0,1,1,5,1,0,1,1,1,0,0,1,1,0,0,1,1,1,1,0,1,0,1,0,1,1,1,0,1,0,1,0,1,0,1,0,1,1,1,0,1,1
0,0,0,0,1,0,0,0,1,0,0,0,1,0,0,0,0,0,0,0,0,0,0,0,0,0,1,0,1,0,0,0,0,0,1,0,0,0,0,0,0,0,1,0,0,0,0,4,0,0
1,1,1,0,1,0,1,1,1,1,1,0,1,0,1,1,1,1,1,0,1,0,1,1,1,1,1,0,1,0,1,1,1,0,1,0,1,0,0,0,1,0,1,0,1,1,0,1,0,1
0,0,0,0,0,0,0,4,0,0,0,0,1,0,1,0,0,0,0,0,1,0,0,0,0,0,0,0,1,0,0,0,0,0,1,0,0,0,1,0,1,0,0,0,0,0,0,0,0,0
1,0,1,0,1,0,1,0,1,0,1,0,1,0,1,2,1,0,1,0,1,0,1,0,1,0,1,0,1,0,1,0,1,0,1,0,1,0,1,0,1,0,0,0,1,0,1,0,0,0
[aggressive, 7, 1]
[aggressive, 35, 31]
[aggressive, 1, 45]
[aggressive, 37, 47]
[aggressive, 45, 11]
[aggressive, 16, 11]
[aggressive, 24, 37]
[aggressive, 28, 17]
[aggressive, 28, 42]
[aggressive, 3, 27]
[aggressive, 2, 7]
[aggressive, 4, 25]
[aggressive, 27, 49]
[aggressive, 33, 41]
[aggressive, 8, 6]
================
