50
50
0,0,0,1,0,1,0,0,0,0,0,0,0,0,0,0,0,0,0,1,0,0,0,0,0,0,0,0,0,0,0,0,0,0,0,0,3,1,0,0,0,0,0,0,0,0,0,0,0,0
0,0,1,1,0,1,0,1,1,1,0,1,1,1,1,0,1,1,0,0,0,1,1,1,0,0,0,1,0,1,0,1,0,1,1,1,0,1,0,1,1,1,1,1,0,1,1,1,1,1
0,0,0,0,0,0,0,0,0,0,0,1,0,0,0,0,0,0,0,0,4,4,0,0,0,1,0,1,4,0,0,1,0,1,0,0,0,0,0,0,0,0,0,1,0,0,0,1,0,0
0,1,0,0,0,1,0,1,0,1,0,1,0,1,1,1,1,1,0,1,1,0,0,1,1,1,1,1,1,1,1,1,0,1,1,1,1,1,0,0,4,1,0,1,1,1,0,1,0,0
0,0,0,1,0,1,4,1,0,1,0,1,0,0,0,0,0,0,0,1,0,0,0,1,0,0,0,1,0,0,5,0,0,0,0,1,0,0,0,1,0,0,0,1,0,0,0,0,0,0
1,1,1,1,1,1,0,0,1,1,0,1,0,1,5,1,0,0,0,1,1,1,0,1,0,1,1,1,0,1,1,1,0,1,1,1,1,1,0,1,0,1,0,1,1,0,0,1,0,1
0,0,0,0,0,0,0,0,0,0,0,0,0,1,0,0,0,0,0,1,0,0,0,0,0,4,0,0,0,0,0,0,0,1,0,0,0,0,0,1,0,1,0,1,0,0,0,0,0,0
0,0,1,1,0,1,0,1,0,1,0,1,0,1,1,1,1,0,0,1,1,1,0,1,1,0,0,1,0,1,0,1,0,1,0,1,0,1,0,1,0,1,1,1,0,1,0,1,1,1
0,1,0,0,0,0,0,1,0,1,0,1,0,1,0,0,0,0,0,1,0,0,0,0,0,1,0,5,0,1,0,0,0,1,0,0,0,1,0,0,0,0,0,1,0,1,0,0,0,0
1,1,1,1,1,1,1,1,1,1,1,1,1,1,0,1,1,1,0,1,1,1,0,1,0,1,1,0,0,1,1,0,0,1,0,1,0,1,1,1,0,1,0,1,0,1,0,1,1,1
4,1,0,0,0,0,0,0,0,0,0,0,0,1,0,1,0,0,0,0,0,1,0,1,0,0,0,1,0,1,0,0,0,0,0,0,0,1,0,0,0,5,0,1,0,1,0,0,0,0
0,0,1,1,1,1,1,0,1,0,0,1,0,1,0,0,1,1,0,1,1,1,0,1,0,0,1,0,0,1,1,1,0,1,0,1,0,1,0,1,0,1,1,1,1,0,0,0,0,1
0,1,0,1,0,0,0,0,0,1,0,1,4,0,0,0,0,1,0,0,0,0,0,0,0,0,0,1,0,1,0,0,0,1,0,1,4,1,0,0,0,0,0,0,0,1,0,0,0,0
0,1,0,1,0,1,1,0,1,1,1,1,0,0,0,1,0,1,0,1,1,1,0,1,0,1,0,1,0,1,0,1,1,1,0,1,0,1,1,1,0,1,0,1,1,1,0,1,0,1
0,1,0,0,0,0,0,0,0,0,0,0,0,1,0,0,0,0,0,1,0,0,0,1,0,0,0,1,0,1,0,1,0,0,0,1,0,0,0,1,0,1,0,0,0,0,0,0,0,0
0,1,0,1,1,1,1,1,1,1,1,1,0,1,0,0,0,1,1,1,0,1,0,1,0,1,0,1,0,1,0,1,0,1,1,0,0,1,0,0,1,1,0,1,1,1,1,1,0,1
0,1,5,0,0,0,0,0,0,0,0,0,0,0,0,0,0,0,0,1,0,0,0,1,0,1,0,1,0,0,0,1,0,1,0,4,0,1,0,1,0,0,0,0,0,0,0,0,0,0
0,1,1,0,0,1,0,1,0,1,1,1,0,1,1,1,0,1,1,1,0,1,0,1,1,0,0,0,1,1,1,1,0,1,1,1,0,1,0,1,1,1,0,1,0,1,0,1,0,0
4,0,0,0,0,0,0,1,0,0,0,0,0,0,0,1,0,1,0,1,0,0,0,1,0,0,0,0,0,0,0,0,0,0,0,1,0,0,0,1,0,0,0,0,0,1,0,1,0,0
0,0,0,1,1,1,0,1,1,0,1,1,0,0,0,1,1,1,0,1,0,1,0,1,0,1,0,0,1,1,0,1,1,1,0,1,0,0,1,0,0,1,0,1,1,1,0,1,0,1
0,1,0,1,0,0,0,1,0,0,0,0,0,1,0,0,0,0,0,0,0,0,0,1,0,1,0,4,0,0,0,1,0,0,0,0,0,1,0,0,0,1,0,0,0,1,0,1,0,0
0,1,0,0,0,1,0,1,1,1,1,1,0,1,0,1,1,1,1,1,0,1,1,1,0,1,0,1,1,1,0,1,0,1,0,1,0,1,0,0,1,1,0,0,0,1,0,1,0,1
0,1,0,1,0,1,0,0,0,1,0,0,0,0,0,1,0,0,0,0,0,0,0,1,0,1,0,0,0,1,0,1,0,0,0,0,0,1,0,1,0,0,0,0,0,0,0,1,0,0
0,1,0,1,1,1,0,1,1,1,1,1,1,1,0,1,0,1,0,0,1,1,0,1,1,1,1,1,0,1,1,1,1,1,1,0,1,1,1,1,1,0,0,1,0,1,1,1,1,1
0,1,0,1,0,0,0,0,0,1,0,0,0,0,0,1,0,1,0,1,0,0,0,0,0,1,0,0,0,0,0,0,0,1,0,0,0,1,0,0,0,0,0,0,4,0,0,1,0,0
0,0,0,1,0,0,0,1,1,1,1,1,0,0,5,1,1,1,0,1,1,1,0,1,0,1,0,1,0,1,0,1,0,1,0,0,1,1,1,1,0,1,0,1,0,1,0,1,0,0
0,1,0,1,0,1,0,0,0,0,4,1,0,1,0,1,0,0,0,1,0,0,0,1,0,1,0,1,0,0,0,1,0,0,0,0,0,1,0,1,0,1,0,5,0,1,0,0,0,0
0,1,1,1,0,0,0,1,0,1,1,1,1,1,0,1,0,1,0,1,1,0,0,1,0,1,0,1,1,1,1,1,1,1,0,1,1,1,0,1,1,1,0,1,0,1,0,0,1,1
0,1,0,0,0,0,0,0,0,0,0,0,0,0,0,1,4,0,0,0,0,0,0,0,0,1,0,0,0,1,0,0,0,0,0,0,0,0,0,1,0,0,0,1,0,1,0,0,0,0
0,1,0,1,0,1,1,1,0,0,1,1,1,1,0,1,0,1,0,1,0,1,0,1,0,1,0,1,1,1,0,1,1,1,0,1,1,1,1,1,1,1,1,1,1,1,0,1,1,1
0,1,0,1,0,0,0,1,0,0,0,1,0,0,0,1,0,0,0,1,0,0,0,1,5,1,0,0,0,1,0,1,0,1,0,0,0,1,0,0,0,0,0,0,0,0,0,1,0,0
0,1,1,1,0,1,0,1,0,1,0,0,0,0,0,1,1,1,0,1,5,1,0,1,0,1,4,1,0,0,0,1,0,1,0,1,1,1,0,1,0,1,1,1,0,1,0,1,0,1
0,0,0,1,0,1,0,1,0,1,0,0,0,1,0,1,0,0,0,0,0,1,0,0,0,1,0,1,0,1,0,1,0,0,0,0,0,0,0,1,0,0,0,0,0,0,0,0,0,0
0,1,0,1,1,1,0,1,1,1,1,1,1,0,0,1,0,1,1,1,0,0,1,1,0,1,0,0,0,1,1,1,1,1,0,1,1,1,4,1,0,1,0,0,1,1,0,0,0,1
0,1,0,1,0,0,0,0,0,0,0,0,0,1,0,0,0,0,0,0,0,0,0,1,0,0,0,5,0,0,0,1,0,0,0,0,0,1,0,1,0,1,0,0,0,0,0,1,0,0
1,0,0,1,1,1,0,1,0,1,1,1,1,1,1,1,1,5,0,0,0,1,0,0,0,1,0,1,0,1,1,1,1,1,1,1,0,1,0,0,0,1,1,1,0,1,0,1,0,1
0,0,0,0,0,0,0,0,0,0,0,0,0,1,0,1,0,0,0,0,0,1,0,1,0,0,0,1,0,1,0,0,0,0,0,0,0,0,0,1,0,1,0,0,0,1,0,0,0,0
0,1,0,0,1,0,0,0,0,1,0,1,1,1,0,1,0,0,0,1,0,1,0,1,0,1,0,0,0,1,0,1,5,1,0,1,0,1,1,0,0,1,0,1,0,1,1,1,0,1
0,0,0,1,0,0,0,1,0,1,0,1,0,0,0,0,0,1,0,1,0,1,0,0,0,1,0,1,0,1,0,1,0,1,5,1,0,0,0,0,0,1,0,1,0,0,0,1,0,0
0,0,0,1,1,0,0,1,0,1,0,1,0,0,4,1,0,1,1,1,1,1,0,1,0,1,1,1,0,1,0,1,0,1,0,1,0,1,1,1,0,1,1,1,1,1,1,1,1,1
0,0,0,0,0,0,0,1,0,1,0,0,0,0,0,1,0,0,4,0,0,1,0,1,0,0,0,1,0,1,0,1,0,0,0,1,0,0,0,1,0,0,0,0,0,0,0,1,0,0
1,1,1,1,1,1,1,1,1,0,0,1,0,1,0,0,0,1,0,1,0,1,0,0,1,1,0,0,1,1,1,1,0,0,1,1,1,1,0,1,0,1,1,1,0,1,1,1,0,1
0,0,0,0,0,0,0,0,0,0,0,1,0,0,0,1,0,1,0,0,0,0,0,0,0,1,0,1,0,1,5,0,0,1,0,0,0,0,0,1,0,0,0,0,0,1,0,0,0,0
0,1,0,1,1,0,1,1,0,1,0,1,1,1,1,1,0,1,0,1,1,1,1,1,0,0,0,1,0,1,0,1,0,1,1,1,0,1,0,1,0,1,0,1,0,1,0,0,0,0
0,4,0,0,0,0,0,0,0,1,0,0,0,1,0,0,0,1,0,0,0,0,0,1,0,0,0,1,0,0,0,1,0,1,0,0,0,0,0,1,0,1,0,1,0,0,0,0,0,0
0,1,0,1,1,1,0,1,0,1,0,1,0,1,0,1,1,1,0,0,0,1,0,1,0,1,1,0,0,1,1,1,0,1,1,0,0,1,1,1,0,1,1,1,0,0,0,1,0,1
0,0,0,0,0,1,0,0,0,1,0,0,0,0,0,0,0,1,0,1,0,1,0,1,0,0,0,1,0,1,0,0,0,1,0,0,0,0,0,1,0,1,0,0,0,1,0,0,0,0
1,1,0,1,1,1,1,1,1,1,0,1,1,1,0,0,1,1,0,1,1,1,0,0,1,1,0,1,0,1,0,1,0,1,1,1,1,1,0,1,0,1,1,1,0,1,0,1,1,1
0,0,0,0,0,0,0,0,0,0,0,0,0,1,0,0,0,0,0,0,0,0,0,0,0,1,0,1,0,1,0,1,0,0,0,1,0,0,0,1,0,0,0,1,0,0,0,0,0,0
2,1,0,1,0,1,0,0,0,1,0,1,0,1,0,1,0,1,0,1,0,0,0,0,0,1,0,1,0,1,0,1,0,0,0,1,0,1,5,1,0,1,0,1,0,0,0,1,0,1
[random, 5, 14]
[random, 30, 24]
[random, 10, 41]
[random, 34, 27]
[random, 49, 38]
[random, 38, 34]
[random, 26, 43]
[random, 31, 20]
[random, 16, 2]
[random, 35, 17]
[random, 25, 14]
[random, 4, 30]
[random, 8, 27]
[random, 42, 30]
[random, 37, 32]
================
