50
50
0,0,0,0,1,0,0,0,0,0,0,0,0,0,0,0,0,0,0,0,0,0,1,0,1,0,0,0,0,0,0,0,0,0,0,0,0,0,0,0,0,0,0,3,0,0,0,0,0,0
1,0,1,0,0,1,1,0,1,0,1,1,1,0,1,0,1,1,1,1,1,0,1,0,1,0,1,1,1,1,0,1,1,1,1,1,1,1,0,0,1,0,1,0,1,0,1,0,1,0
0,0,1,0,0,0,0,0,1,0,4,0,1,0,0,4,1,0,0,0,0,0,0,0,1,0,1,0,0,0,0,0,0,0,1,0,0,0,0,0,1,0,1,0,1,0,0,0,1,0
0,0,1,0,1,1,1,0,1,1,1,1,1,0,1,0,1,1,1,0,1,1,0,5,1,0,1,0,1,0,0,1,1,0,1,0,1,1,0,0,1,0,1,0,0,0,0,0,1,0
0,0,0,0,1,0,0,0,0,0,0,4,0,0,0,0,1,0,0,0,1,0,0,0,0,0,0,0,1,0,1,0,0,0,0,0,0,0,1,0,0,0,1,0,0,0,1,0,5,0
1,1,1,1,1,1,0,1,0,1,1,1,0,0,0,1,1,0,1,1,0,0,1,0,1,0,1,1,1,1,1,0,1,1,0,0,0,1,1,0,1,1,1,1,1,0,1,1,1,0
0,0,0,0,0,0,0,0,0,0,0,0,0,0,1,0,0,0,0,0,0,0,1,0,1,0,1,0,0,0,0,0,1,0,0,0,1,0,0,0,0,0,1,0,0,0,1,0,0,0
1,1,0,1,1,1,1,1,1,1,1,0,1,0,1,0,1,0,1,0,1,0,1,1,0,1,1,0,1,1,1,0,1,1,1,0,1,1,1,1,1,1,1,1,1,0,1,0,1,0
0,0,0,0,0,0,1,0,0,0,0,0,1,0,1,0,1,0,0,0,0,0,0,0,0,0,1,0,0,0,0,0,1,0,0,0,0,0,0,0,0,0,0,0,0,0,1,0,1,0
1,0,1,0,0,0,1,0,0,1,1,1,0,0,0,0,0,0,1,0,1,1,1,1,1,0,1,1,1,1,1,0,1,0,1,0,1,1,1,1,1,0,1,1,1,0,1,1,1,0
0,0,1,0,0,0,0,0,1,0,0,0,0,0,1,0,0,0,1,0,1,0,0,0,0,0,0,0,0,0,0,0,1,0,0,0,1,0,1,0,1,0,1,0,0,0,1,5,0,0
1,1,1,1,0,0,1,0,1,1,0,0,1,1,1,0,1,0,1,1,1,0,1,0,1,0,1,1,1,0,1,0,1,5,1,1,1,0,1,0,0,0,1,1,1,0,0,1,1,0
0,0,1,0,1,0,0,0,1,0,0,0,1,0,0,0,1,0,0,0,0,0,1,0,1,0,0,0,0,0,1,0,1,0,0,0,0,0,1,0,0,0,0,0,1,0,0,0,1,0
1,0,1,0,1,1,1,0,1,1,1,0,1,1,0,0,0,0,0,1,0,0,1,0,1,0,1,0,1,1,1,0,1,1,1,0,1,0,1,0,1,0,1,1,1,0,1,1,1,0
0,0,0,0,1,0,0,0,1,0,1,0,0,0,0,0,1,0,0,0,0,0,1,0,1,0,1,0,0,0,0,0,0,0,1,0,1,0,0,0,1,0,0,0,1,0,1,0,0,0
0,0,0,0,1,1,0,1,1,0,1,1,1,0,1,1,0,1,1,0,1,1,1,0,1,1,1,0,1,1,1,0,1,0,1,1,1,0,1,0,1,0,1,0,1,1,1,0,0,0
0,0,0,0,0,0,1,0,0,0,1,0,1,0,0,0,0,0,0,0,1,0,1,0,1,0,0,0,1,0,0,0,1,0,1,0,0,0,1,0,1,0,0,0,0,0,1,0,1,0
0,0,0,1,1,1,1,1,1,0,1,0,0,1,1,1,1,5,1,1,1,0,1,1,1,0,0,0,1,1,0,0,1,0,1,1,0,4,1,0,1,1,1,0,1,1,1,1,1,0
0,0,0,5,1,0,1,0,0,0,0,0,0,0,0,0,0,0,1,0,0,0,1,0,0,0,1,4,1,0,0,0,1,0,0,0,0,0,1,0,0,0,1,0,0,0,0,0,0,0
1,0,1,1,1,0,1,1,1,1,1,1,1,1,0,0,0,0,0,0,1,0,1,0,1,1,1,0,1,0,1,0,1,0,1,0,1,1,1,1,1,0,1,0,1,0,1,0,1,0
0,0,0,0,0,0,0,0,0,0,0,0,0,0,1,0,1,0,0,0,1,0,0,0,0,0,1,0,1,0,1,0,1,0,1,0,0,0,0,0,0,0,1,0,1,0,1,4,1,0
1,0,1,1,1,0,1,0,1,0,1,0,0,0,1,0,1,0,1,0,1,0,0,0,1,0,1,0,0,1,1,1,0,0,1,0,0,0,0,0,1,1,1,0,0,0,1,1,1,0
0,0,0,0,1,0,0,0,0,0,0,0,1,0,0,0,1,0,1,0,1,0,0,0,0,0,0,0,1,0,0,0,0,0,1,0,0,0,1,0,1,0,0,0,1,0,5,0,1,0
1,0,0,1,1,1,1,0,1,0,1,1,1,1,1,1,1,0,1,1,1,0,1,1,1,0,0,0,1,1,1,1,0,1,0,0,1,1,1,1,1,0,1,0,1,1,1,0,0,1
0,0,1,0,0,0,0,0,1,0,0,0,1,0,1,0,0,0,1,0,1,0,1,0,1,0,0,0,1,0,0,0,4,0,0,0,1,0,5,0,1,0,0,0,1,0,0,0,0,0
0,0,1,0,1,1,1,0,0,0,1,0,1,0,1,0,1,1,1,0,0,0,1,0,1,1,1,1,1,1,1,0,1,0,1,1,1,1,1,0,0,0,1,0,1,0,1,0,1,0
0,0,1,0,1,0,1,0,0,0,1,0,0,0,0,0,1,0,0,0,0,0,0,0,0,0,0,0,1,0,0,0,1,0,0,0,0,0,0,0,0,0,1,0,0,0,1,0,1,0
1,0,1,0,0,0,1,1,1,1,1,0,1,0,1,0,1,1,1,0,1,0,1,0,1,1,1,5,1,1,1,0,1,1,1,0,1,0,1,0,0,0,1,0,1,0,1,0,1,0
0,0,1,0,0,0,0,0,0,0,0,0,0,0,0,0,0,0,0,0,1,0,1,0,0,0,1,0,1,0,1,0,0,0,0,0,1,0,1,0,0,0,1,0,0,0,1,0,1,0
1,1,0,0,1,0,0,0,1,0,0,1,1,1,0,1,1,0,1,1,1,1,1,0,0,0,0,4,1,0,0,1,1,0,1,1,1,0,1,0,1,0,1,0,1,0,1,0,1,0
0,0,0,0,1,0,1,4,0,0,0,0,0,0,0,0,0,0,1,0,0,0,0,0,0,0,1,0,1,0,0,0,0,0,0,0,1,0,1,0,0,0,1,0,0,0,1,0,1,0
1,0,1,1,1,0,1,1,1,0,1,1,1,0,1,0,1,1,1,0,1,0,0,0,1,0,1,1,0,0,1,0,1,0,1,1,1,0,1,1,1,1,0,0,1,1,1,1,1,0
0,0,0,0,0,0,0,0,0,0,4,0,0,0,1,0,1,0,0,0,0,0,1,0,0,0,0,0,0,0,1,0,0,0,1,0,0,0,0,0,1,0,0,0,0,0,0,0,1,0
1,0,1,0,1,1,1,1,1,0,1,0,1,0,1,1,0,0,1,0,1,0,0,1,1,1,1,1,1,0,1,1,1,4,1,0,1,0,0,0,1,0,1,0,1,0,1,1,1,0
0,0,1,0,1,0,0,0,0,0,1,0,1,0,0,0,1,0,1,0,1,0,1,0,0,0,0,0,0,0,0,0,0,0,0,0,0,0,1,0,1,0,1,0,1,0,1,0,0,0
0,1,1,1,1,0,0,0,1,1,1,0,1,0,1,0,1,1,1,1,1,0,1,0,1,0,1,0,1,1,1,0,1,0,0,1,1,0,1,0,1,0,1,1,1,0,1,1,1,1
0,0,0,0,0,0,0,0,0,0,1,0,1,0,1,0,1,0,0,0,0,0,1,0,1,0,0,0,0,0,0,0,0,0,0,0,1,0,1,0,0,0,1,0,0,0,0,0,0,0
1,0,1,0,0,1,1,0,0,1,1,0,0,0,1,1,1,0,1,0,1,0,1,0,1,4,1,1,1,1,1,1,1,0,1,1,0,0,1,1,1,1,0,0,1,0,1,1,0,0
0,0,1,0,1,0,1,0,1,0,0,0,1,0,0,0,1,0,1,0,1,0,1,0,1,0,1,0,0,0,0,0,0,0,1,0,0,0,1,0,0,0,0,0,1,0,0,0,1,0
0,0,1,0,1,4,0,0,1,0,1,0,0,0,1,0,1,0,1,1,1,0,1,0,1,1,1,1,1,0,1,0,1,0,1,0,1,0,1,0,1,1,1,0,1,0,1,0,1,0
0,0,0,0,0,0,1,0,1,0,0,5,1,0,1,0,1,0,1,0,0,0,1,0,0,0,0,0,4,4,1,0,1,0,1,0,0,0,1,0,1,0,0,0,0,0,1,0,1,0
1,0,1,1,1,0,1,1,1,1,1,0,1,1,1,0,1,5,0,0,1,0,1,0,0,1,1,0,1,1,1,0,1,0,1,1,1,0,0,1,1,1,1,0,1,0,1,0,1,0
0,0,1,0,0,0,0,0,0,0,0,0,0,0,1,0,1,0,1,0,0,0,1,5,1,0,0,0,0,0,0,0,1,0,1,0,0,4,0,0,1,0,0,0,0,0,1,0,1,0
1,1,1,5,0,0,1,0,1,0,1,0,1,0,1,1,1,1,1,0,1,0,1,0,1,0,1,1,1,0,1,0,1,0,1,0,1,1,0,0,1,1,1,5,1,0,1,0,1,0
0,0,1,4,1,0,1,0,0,0,0,0,0,0,1,0,0,0,0,0,0,0,1,0,0,0,0,0,1,0,0,0,0,0,0,0,1,0,0,0,0,0,0,0,0,0,1,0,0,0
1,0,1,1,1,1,1,0,1,0,1,1,1,0,1,0,1,1,1,1,1,1,1,0,0,1,1,1,1,1,1,0,0,0,1,0,1,0,1,1,1,1,1,0,1,0,1,0,1,0
0,0,0,0,0,0,0,0,1,0,1,0,1,0,1,0,1,4,1,0,0,0,0,0,0,0,1,0,0,0,1,0,0,0,1,0,1,0,1,0,1,0,0,0,1,0,0,0,1,0
1,1,1,1,0,1,1,1,1,0,1,0,1,0,1,4,1,0,1,1,1,0,1,1,1,0,1,0,0,0,1,1,1,0,1,0,1,0,1,0,1,1,0,1,1,0,1,0,1,0
0,0,0,0,0,0,0,0,0,0,0,0,0,0,1,0,0,0,0,0,0,0,1,0,0,0,0,0,0,0,0,0,1,0,1,0,0,0,1,0,0,0,0,0,0,0,0,0,0,0
1,0,1,0,1,0,1,2,1,0,1,0,1,0,1,0,1,5,1,0,1,4,1,0,1,0,0,0,0,0,1,0,1,0,1,0,1,0,1,0,1,0,0,0,1,0,1,0,1,0
[predefined-known, 49, 17,49, 17,48, 17,48, 18,48, 17,48, 18,48, 19,48, 20,48, 21,47, 21,48, 21,47, 21,46, 21,46, 22,46, 21,46, 22,46, 23,46, 24,45, 24,46, 24,45, 24,44, 24,45, 24,45, 23,45, 24,44, 24,45, 24,46, 24,45, 24,46, 24,46, 23,46, 22,46, 21,46, 22,46, 21,47, 21,48, 21,47, 21,48, 21,48, 20,48, 19,48, 18,48, 17,48, 18,48, 17,49, 17]
[predefined-known, 17, 17,17, 17,16, 17,16, 16,16, 17,16, 16,16, 17,17, 17,16, 17,16, 16,16, 17,16, 16,16, 17,16, 18,16, 19,16, 18,16, 19,15, 19,14, 19,14, 20,13, 20,13, 21,12, 21,11, 21,12, 21,11, 21,10, 21,11, 21,10, 21,10, 22,10, 23,10, 24,10, 23,10, 24,10, 23,10, 22,10, 23,11, 23,12, 23,11, 23,10, 23,10, 24,10, 25,10, 26,10, 25,9, 25,10, 25,10, 26,10, 25,10, 24,10, 23,11, 23,12, 23,11, 23,10, 23,10, 22,10, 23,10, 24,10, 23,10, 24,10, 23,10, 22,10, 21,11, 21,10, 21,11, 21,12, 21,11, 21,12, 21,13, 21,13, 20,14, 20,14, 19,15, 19,16, 19,16, 18,16, 19,16, 18,16, 17,16, 16,16, 17,16, 16,16, 17,17, 17,16, 17,16, 16,16, 17,16, 16,16, 17,17, 17]
[predefined-known, 40, 11,40, 11,41, 11,42, 11,43, 11,42, 11,41, 11,40, 11,40, 10,40, 9,39, 9,40, 9,39, 9,38, 9,39, 9,38, 9,38, 10,38, 9,38, 10,38, 11,38, 10,38, 9,39, 9,38, 9,39, 9,40, 9,39, 9,38, 9,38, 10,38, 9,39, 9,40, 9,39, 9,40, 9,40, 10,40, 9,40, 10,40, 9,40, 10,40, 9,40, 10,40, 9,39, 9,40, 9,39, 9,38, 9,38, 10,38, 9,39, 9,40, 9,39, 9,38, 9,39, 9,38, 9,38, 10,38, 11,38, 10,38, 9,38, 10,38, 9,39, 9,38, 9,39, 9,40, 9,39, 9,40, 9,40, 10,40, 11,41, 11,42, 11,43, 11,42, 11,41, 11,40, 11]
[predefined-known, 10, 47,10, 47,10, 48,10, 49,9, 49,10, 49,11, 49,10, 49,11, 49,10, 49,11, 49,12, 49,11, 49,12, 49,13, 49,14, 49,13, 49,12, 49,13, 49,14, 49,15, 49,14, 49,13, 49,14, 49,14, 48,14, 49,13, 49,12, 49,13, 49,12, 49,11, 49,10, 49,10, 48,10, 49,11, 49,12, 49,13, 49,12, 49,11, 49,10, 49,10, 48,10, 49,11, 49,12, 49,13, 49,12, 49,13, 49,14, 49,14, 48,14, 49,13, 49,14, 49,15, 49,14, 49,13, 49,12, 49,13, 49,14, 49,13, 49,12, 49,11, 49,12, 49,11, 49,10, 49,11, 49,10, 49,11, 49,10, 49,9, 49,10, 49,10, 48,10, 47]
[predefined-known, 22, 46,22, 46,22, 47,23, 47,22, 47,22, 46,22, 45,22, 46,22, 45,22, 46,22, 45,22, 46,22, 47,22, 46,22, 45,22, 46,22, 45,21, 45,20, 45,21, 45,21, 44,21, 43,20, 43,21, 43,20, 43,21, 43,22, 43,21, 43,20, 43,19, 43,20, 43,19, 43,20, 43,21, 43,20, 43,19, 43,20, 43,19, 43,20, 43,21, 43,22, 43,21, 43,20, 43,21, 43,20, 43,21, 43,21, 44,21, 45,20, 45,21, 45,22, 45,22, 46,22, 45,22, 46,22, 47,22, 46,22, 45,22, 46,22, 45,22, 46,22, 45,22, 46,22, 47,23, 47,22, 47,22, 46]
[predefined-known, 42, 23,42, 23,41, 23,42, 23,41, 23,42, 23,41, 23,42, 23,43, 23,42, 23,43, 23,42, 23,43, 23,42, 23,43, 23,42, 23,43, 23,42, 23,41, 23,41, 24,41, 23,40, 23,41, 23,42, 23,41, 23,40, 23,40, 24,40, 23,39, 23,40, 23,41, 23,41, 24,41, 23,41, 24,41, 23,40, 23,39, 23,40, 23,40, 24,40, 23,41, 23,42, 23,41, 23,40, 23,41, 23,41, 24,41, 23,42, 23,43, 23,42, 23,43, 23,42, 23,43, 23,42, 23,43, 23,42, 23,43, 23,42, 23,41, 23,42, 23,41, 23,42, 23,41, 23,42, 23]
[predefined-known, 3, 23,3, 23,2, 23,2, 22,3, 22,2, 22,3, 22,2, 22,3, 22,4, 22,4, 21,5, 21,4, 21,5, 21,4, 21,5, 21,4, 21,4, 22,3, 22,2, 22,3, 22,2, 22,3, 22,2, 22,2, 23,3, 23]
[predefined-known, 11, 33,11, 33,12, 33,12, 34,12, 33,11, 33,10, 33,10, 34,10, 35,10, 34,10, 35,9, 35,8, 35,8, 36,8, 35,8, 36,8, 37,8, 36,8, 37,8, 38,8, 37,8, 38,8, 39,8, 38,8, 37,8, 38,8, 37,8, 36,8, 37,8, 36,8, 35,8, 36,8, 35,9, 35,10, 35,10, 34,10, 35,10, 34,10, 33,11, 33,12, 33,12, 34,12, 33,11, 33]
[predefined-known, 4, 48,4, 48,4, 47,4, 48,4, 47,3, 47,4, 47,3, 47,3, 46,3, 45,4, 45,5, 45,4, 45,3, 45,3, 44,4, 44,4, 45,3, 45,3, 44,3, 45,4, 45,4, 44,3, 44,3, 43,4, 43,4, 44,3, 44,3, 45,3, 44,4, 44,4, 43,3, 43,3, 44,4, 44,4, 45,3, 45,3, 44,3, 45,4, 45,4, 44,3, 44,3, 45,4, 45,5, 45,4, 45,3, 45,3, 46,3, 47,4, 47,3, 47,4, 47,4, 48,4, 47,4, 48]
[predefined-known, 43, 43,43, 43,42, 43,41, 43,40, 43,41, 43,42, 43,42, 44,42, 43,43, 43,44, 43,43, 43,44, 43,44, 44,44, 43,45, 43,44, 43,44, 42,44, 41,44, 40,44, 39,44, 40,44, 41,44, 42,44, 41,44, 40,44, 39,43, 39,44, 39,44, 40,44, 39,43, 39,43, 38,44, 38,44, 39,44, 38,44, 39,44, 38,43, 38,44, 38,43, 38,44, 38,43, 38,42, 38,41, 38,41, 37,40, 37,41, 37,41, 38,42, 38,41, 38,42, 38,41, 38,42, 38,41, 38,41, 37,40, 37,41, 37,41, 38,42, 38,43, 38,44, 38,43, 38,44, 38,43, 38,44, 38,44, 39,44, 38,44, 39,44, 38,43, 38,43, 39,44, 39,44, 40,44, 39,43, 39,44, 39,44, 40,44, 41,44, 42,44, 41,44, 40,44, 39,44, 40,44, 41,44, 42,44, 43,45, 43,44, 43,44, 44,44, 43,43, 43,44, 43,43, 43,42, 43,42, 44,42, 43,41, 43,40, 43,41, 43,42, 43,43, 43]
[predefined-known, 18, 3,18, 3,18, 2,18, 3,18, 2,18, 3,18, 2,18, 3,18, 2,18, 3,18, 2,17, 2,17, 1,16, 1,15, 1,15, 2,16, 2,16, 3,15, 3,14, 3,15, 3,15, 2,14, 2,14, 1,13, 1,14, 1,15, 1,16, 1,16, 2,17, 2,17, 1,17, 2,16, 2,16, 1,15, 1,14, 1,13, 1,14, 1,14, 2,15, 2,15, 3,14, 3,15, 3,16, 3,16, 2,15, 2,15, 1,16, 1,17, 1,17, 2,18, 2,18, 3,18, 2,18, 3,18, 2,18, 3,18, 2,18, 3,18, 2,18, 3]
[predefined-known, 43, 3,43, 3,42, 3,42, 4,42, 5,42, 4,42, 5,43, 5,43, 4,43, 3,43, 4,43, 3,43, 4,43, 5,42, 5,42, 4,42, 5,42, 4,42, 3,43, 3]
[predefined-known, 41, 17,41, 17,42, 17,41, 17,40, 17,41, 17,40, 17,39, 17,40, 17,39, 17,38, 17,39, 17,40, 17,39, 17,40, 17,39, 17,40, 17,41, 17,42, 17,41, 17,42, 17,41, 17,40, 17,41, 17,41, 18,41, 19,41, 18,41, 19,40, 19,40, 20,40, 19,40, 20,40, 21,40, 20,40, 19,41, 19,41, 18,41, 19,42, 19,43, 19,44, 19,43, 19,42, 19,41, 19,42, 19,43, 19,44, 19,43, 19,44, 19,43, 19,44, 19,43, 19,42, 19,41, 19,42, 19,43, 19,44, 19,43, 19,42, 19,41, 19,41, 18,41, 19,40, 19,40, 20,40, 21,40, 20,40, 19,40, 20,40, 19,41, 19,41, 18,41, 19,41, 18,41, 17,40, 17,41, 17,42, 17,41, 17,42, 17,41, 17,40, 17,39, 17,40, 17,39, 17,40, 17,39, 17,38, 17,39, 17,40, 17,39, 17,40, 17,41, 17,40, 17,41, 17,42, 17,41, 17]
[predefined-known, 24, 38,24, 38,24, 37,24, 38,24, 37,24, 38,24, 37,24, 38,24, 39,24, 38,24, 37,24, 38,24, 39,25, 39,24, 39,25, 39,26, 39,26, 40,26, 41,25, 41,26, 41,26, 40,26, 39,26, 40,26, 41,26, 40,27, 40,27, 41,28, 41,28, 40,28, 41,28, 40,28, 41,27, 41,27, 40,26, 40,26, 41,26, 40,26, 39,26, 40,26, 41,25, 41,26, 41,26, 40,26, 39,25, 39,24, 39,25, 39,24, 39,24, 38,24, 37,24, 38,24, 39,24, 38,24, 37,24, 38,24, 37,24, 38,24, 37,24, 38]
[predefined-known, 27, 27,27, 27,28, 27,27, 27,28, 27,27, 27,28, 27,27, 27,28, 27,27, 27,28, 27,27, 27]
================
